1 1938
1 557
1 1461
1 3190
1 2319
1 1168
1 143
1 1391
1 1071
1 2371
2 3080
2 2850
2 847
2 1755
2 597
2 971
2 136
2 356
2 740
2 1345
3 1483
3 637
3 1788
3 2061
3 2652
3 1787
3 205
3 1496
3 407
3 1149
4 2401
4 2152
4 2931
4 3120
4 3101
4 2376
4 2851
4 3043
4 2939
4 3128
5 267
5 1937
5 2670
5 1978
5 2105
5 3011
5 3103
5 3127
5 2314
5 2247
6 1541
6 136
6 2306
6 2804
6 356
6 402
6 740
6 859
6 1256
6 2417
7 1198
7 3141
7 356
7 740
7 1778
7 1941
7 2227
7 2376
7 3043
7 2912
8 1902
8 2277
8 2541
8 1271
8 190
8 1611
8 1755
8 2796
8 2371
8 1461
9 2454
9 2374
9 3137
9 190
9 2849
9 1755
9 2796
9 2578
9 2371
9 1461
10 57
10 866
10 2785
10 93
10 1262
10 829
10 2895
10 681
10 830
10 1795
11 2898
11 2954
11 2956
11 1358
11 1043
11 1923
11 2699
11 1860
11 3171
11 795
12 1168
12 379
12 398
12 3127
12 2618
12 2126
12 190
12 1755
12 2796
12 1461
13 2351
13 2491
13 1947
13 2586
13 2495
13 2559
13 195
13 2530
13 1795
13 2748
14 563
14 648
14 662
14 701
14 2563
14 307
14 2191
14 2337
14 2348
14 3054
15 3054
15 3125
15 2827
15 2685
15 2146
15 1947
15 2907
15 3085
15 2944
15 658
16 1380
16 1786
16 2999
16 2126
16 394
16 1461
16 1957
16 1332
16 2378
16 2376
17 2253
17 2748
17 2586
17 2495
17 1223
17 195
17 1757
17 1795
17 2079
17 2491
18 731
18 123
18 249
18 1223
18 1613
18 1795
18 2079
18 2491
18 2138
18 1149
19 2417
19 2590
19 2774
19 29
19 326
19 445
19 1074
19 1075
19 2056
19 2511
20 511
20 777
20 936
20 2430
20 2442
20 2790
20 1481
20 2172
20 2461
20 2506
21 1496
21 3184
21 520
21 555
21 810
21 1268
21 1269
21 1429
21 2508
21 3007
22 2761
22 1269
22 356
22 740
22 2473
22 2384
22 2441
22 2564
22 2637
22 2638
23 2694
23 1714
23 2427
23 711
23 1081
23 1269
23 1944
23 1987
23 1778
23 1941
24 657
24 2844
24 392
24 394
24 412
24 528
24 1656
24 141
24 1233
24 20
25 1526
25 2319
25 2894
25 2634
25 2965
25 2711
25 2741
25 2984
25 436
25 2318
26 3128
26 438
26 1755
26 2256
26 1338
26 2796
26 2578
26 2618
26 2376
26 1461
27 2378
27 190
27 1752
27 2577
27 2818
27 1960
27 2582
27 1755
27 2796
27 1461
28 2511
28 3032
28 383
28 517
28 666
28 2614
28 2445
28 2562
28 356
28 740
29 513
29 610
29 2927
29 1841
29 1840
29 2462
29 1537
29 1538
29 1539
29 2089
30 1267
30 2604
30 202
30 1977
30 2356
30 397
30 2917
30 190
30 1926
30 1651
31 1199
31 1144
31 3059
31 2829
31 1346
31 198
31 1839
31 2754
31 2370
31 1686
32 2043
32 2335
32 2419
32 2444
32 1285
32 1577
32 3139
32 1286
32 1576
32 1839
33 1524
33 1501
33 1285
33 1577
33 1968
33 1662
33 2335
33 559
33 1954
33 2043
34 1633
34 1450
34 503
34 640
34 1667
34 1763
34 2440
34 1893
34 2291
34 2458
35 1758
35 1779
35 1920
35 2792
35 1220
35 1221
35 1941
35 393
35 2414
35 2090
36 196
36 680
36 1020
36 2836
36 2112
36 2698
36 1131
36 2110
36 1265
36 2084
37 528
37 1719
37 243
37 242
37 2912
37 252
37 3128
37 987
37 597
37 2376
38 2184
38 2939
38 3105
38 2082
38 1281
38 2941
38 1737
38 3087
38 1768
38 2960
39 2184
39 1902
39 2956
39 2651
39 2254
39 3105
39 2178
39 1614
39 2940
39 1861
40 2493
40 2940
40 627
40 793
40 1835
40 1588
40 2958
40 2254
40 654
40 1485
41 1960
41 3043
41 3137
41 1755
41 1951
41 2080
41 3089
41 2435
41 3082
41 2371
42 2741
42 462
42 2286
42 2894
42 525
42 2318
42 204
42 2984
42 192
42 436
43 1325
43 2151
43 1482
43 633
43 69
43 439
43 461
43 2751
43 931
43 525
44 525
44 135
44 148
44 157
44 171
44 189
44 415
44 1105
44 1106
44 931
45 2816
45 2372
45 1226
45 3137
45 1199
45 2904
45 3119
45 2070
45 3089
45 3002
46 1248
46 1858
46 2711
46 1652
46 329
46 634
46 2631
46 1032
46 2990
46 1457
47 2990
47 2451
47 3089
47 239
47 1032
47 1935
47 275
47 2070
47 2372
47 651
48 1797
48 1863
48 2366
48 3032
48 2509
48 2325
48 2589
48 2675
48 2464
48 2611
49 2288
49 657
49 1514
49 634
49 652
49 798
49 239
49 275
49 2070
49 651
50 2311
50 2664
50 239
50 292
50 275
50 2070
50 2278
50 651
50 657
50 634
51 1075
51 2056
51 2511
51 3156
51 1613
51 2973
51 3075
51 2714
51 2636
51 2641
52 75
52 1208
52 1329
52 3061
52 2721
52 2914
52 1207
52 1541
52 557
52 757
53 188
53 503
53 640
53 373
53 1405
53 1817
53 1914
53 139
53 514
53 569
54 1902
54 2651
54 2470
54 987
54 3104
54 2941
54 3170
54 1835
54 3031
54 2958
55 1466
55 1551
55 2814
55 2921
55 2895
55 2184
55 1137
55 1612
55 1254
55 1739
56 1471
56 1665
56 93
56 1781
56 2051
56 54
56 292
56 2327
56 1
56 99
57 55
57 223
57 1137
57 3155
57 253
57 3140
57 3077
57 1
57 2190
57 1106
58 2904
58 1734
58 1493
58 1578
58 1640
58 1816
58 1864
58 1880
58 2098
58 2405
59 1116
59 292
59 944
59 1438
59 2795
59 2781
59 1456
59 2631
59 651
59 1700
60 1199
60 1572
60 1552
60 1532
60 2988
60 3142
60 3025
60 2277
60 1518
60 2593
61 3134
61 2711
61 239
61 2631
61 1830
61 2070
61 2307
61 634
61 911
61 1935
62 1957
62 3007
62 2720
62 2195
62 2484
62 2649
62 2932
62 1806
62 1961
62 2214
63 2426
63 2600
63 357
63 1480
63 1795
63 1817
63 2694
63 3061
63 2973
63 1269
64 176
64 572
64 573
64 2361
64 209
64 482
64 2156
64 1024
64 627
64 793
