1 1591
1 3068
1 2126
1 1393
1 2319
1 1523
1 2371
1 1033
1 1938
1 1071
2 204
2 727
2 2735
2 526
2 1619
2 1062
2 1931
2 1364
2 740
2 3059
3 3080
3 3135
3 1122
3 1365
3 1134
3 1098
3 1787
3 205
3 2652
3 1496
4 2940
4 2939
4 1135
4 2166
4 1272
4 2377
4 2931
4 2572
4 2342
4 3128
5 2002
5 1392
5 1366
5 1671
5 2860
5 2868
5 1435
5 2003
5 2035
5 2357
6 2317
6 1365
6 2154
6 248
6 2940
6 2264
6 2216
6 1387
6 2931
6 2721
7 2864
7 1386
7 1928
7 2572
7 3141
7 1098
7 1834
7 1854
7 2317
7 2111
8 3032
8 912
8 2625
8 1045
8 2147
8 1685
8 2951
8 2371
8 820
8 2776
9 3087
9 2629
9 2372
9 1033
9 1591
9 2319
9 1685
9 2776
9 1680
9 2371
10 2785
10 1471
10 3184
10 249
10 1262
10 1454
10 1306
10 1795
10 1496
10 1162
11 1872
11 2923
11 1860
11 1923
11 1903
11 1043
11 1162
11 2246
11 2717
11 2906
12 2629
12 1033
12 2796
12 3068
12 1680
12 1462
12 1591
12 3127
12 2319
12 1461
13 1289
13 1757
13 2586
13 1922
13 2495
13 797
13 66
13 2897
13 2748
13 1795
14 70
14 2031
14 59
14 1726
14 1395
14 1694
14 2835
14 2950
14 2827
14 1196
15 3125
15 2827
15 84
15 59
15 1719
15 1566
15 1231
15 2699
15 2835
15 3099
16 2307
16 84
16 1711
16 2317
16 59
16 1195
16 2741
16 1570
16 2629
16 409
17 86
17 2897
17 2623
17 1719
17 2979
17 2699
17 3000
17 84
17 59
17 2491
18 1613
18 618
18 2433
18 82
18 1496
18 265
18 1988
18 1757
18 249
18 1795
19 1980
19 2120
19 1967
19 2223
19 1863
19 2417
19 2509
19 2348
19 371
19 199
20 2133
20 2754
20 2120
20 1660
20 1796
20 1952
20 2170
20 1967
20 1961
20 2094
21 2370
21 1980
21 2120
21 2589
21 1967
21 2504
21 2325
21 409
21 2490
21 371
22 1626
22 794
22 2370
22 3028
22 2572
22 1931
22 1659
22 2840
22 1711
22 2147
23 2675
23 2370
23 2589
23 409
23 2433
23 2504
23 2004
23 2454
23 2276
23 371
24 1588
24 3120
24 141
24 528
24 394
24 2912
24 2999
24 2727
24 3043
24 987
25 3147
25 2812
25 1680
25 2741
25 2319
25 1719
25 1518
25 3070
25 1653
25 2318
26 2626
26 2319
26 2439
26 2166
26 1033
26 1461
26 1591
26 3128
26 1338
26 2578
27 3087
27 3000
27 2859
27 84
27 2632
27 3011
27 59
27 3068
27 2319
27 2798
28 2166
28 3032
28 2163
28 2951
28 1928
28 2892
28 3038
28 2890
28 1723
28 2776
29 977
29 785
29 2089
29 2462
29 1537
29 1538
29 1840
29 371
29 1933
29 1539
30 1938
30 2629
30 1440
30 3089
30 1393
30 2435
30 2371
30 1033
30 1461
30 1544
31 2302
31 670
31 3128
31 1206
31 3047
31 1671
31 1236
31 1381
31 2931
31 3013
32 1961
32 2916
32 2289
32 2630
32 1504
32 1847
32 2619
32 1145
32 2177
32 3139
33 70
33 2721
33 2233
33 2916
33 2181
33 2113
33 3160
33 2554
33 2805
33 1325
34 1111
34 3003
34 3135
34 2016
34 2194
34 1383
34 2178
34 1567
34 1196
34 1834
35 442
35 454
35 2146
35 1658
35 1386
35 1397
35 503
35 769
35 2090
35 371
36 2223
36 1162
36 3184
36 1737
36 1863
36 2030
36 2509
36 1265
36 1350
36 2110
37 2198
37 2186
37 1108
37 2202
37 2958
37 2113
37 2470
37 2195
37 3048
37 2265
38 2265
38 2931
38 2622
38 2876
38 2247
38 2305
38 1433
38 3069
38 1890
38 1408
39 2406
39 655
39 2254
39 2265
39 2937
39 2178
39 2940
39 2956
39 3105
39 2651
40 1531
40 2060
40 616
40 2406
40 1693
40 2316
40 1485
40 2937
40 1588
40 3198
41 2314
41 409
41 2370
41 2080
41 3000
41 3119
41 1719
41 84
41 59
41 3087
42 2812
42 1050
42 2504
42 1144
42 1931
42 1808
42 2634
42 2370
42 1653
42 2318
43 3143
43 59
43 2308
43 2812
43 1404
43 2325
43 1308
43 2874
43 1834
43 1366
44 3078
44 2
44 525
44 1260
44 931
44 2494
44 2523
44 2829
44 2325
44 1404
45 2437
45 3089
45 2541
45 2372
45 3002
45 2188
45 1194
45 2631
45 2318
45 2319
46 2572
46 2389
46 3092
46 1699
46 2842
46 2812
46 1032
46 1457
46 1653
46 329
47 2344
47 1236
47 2402
47 2882
47 2138
47 2451
47 1032
47 3134
47 1699
47 2990
48 1728
48 1694
48 2829
48 1135
48 2486
48 2701
48 2646
48 2004
48 3071
48 2366
49 2379
49 1885
49 2188
49 2519
49 3134
49 2741
49 3137
49 1699
49 2882
49 3012
50 652
50 1927
50 2896
50 1746
50 2664
50 1811
50 2288
50 891
50 1457
50 634
51 2968
51 2668
51 199
51 409
51 168
51 1924
51 2723
51 3006
51 2863
51 371
52 2795
52 1783
52 1489
52 1711
52 1366
52 2979
52 2147
52 605
52 3070
52 1928
53 1124
53 2225
53 800
53 1887
53 503
53 2986
53 2714
53 139
53 514
53 569
54 84
54 2864
54 2314
54 1196
54 2958
54 3000
54 59
54 2699
54 2178
54 1834
55 1896
55 1162
55 2194
55 3064
55 1355
55 3056
55 3198
55 1259
55 2998
55 1739
56 2165
56 2181
56 86
56 1366
56 464
56 1541
56 1703
56 2233
56 2302
56 2842
57 1133
57 2458
57 2700
57 689
57 71
57 349
57 1137
57 3077
57 3140
57 1106
58 1308
58 1366
58 409
58 1711
58 2994
58 2314
58 1474
58 3087
58 1344
58 2634
59 2484
59 1441
59 944
59 28
59 1438
59 1711
59 3138
59 1456
59 3046
59 144
60 2319
60 1518
60 1523
60 3089
60 2127
60 1264
60 1462
60 1680
60 3087
60 3025
61 3129
61 2359
61 1236
61 2989
61 2494
61 2808
61 3134
61 634
61 2631
61 2711
62 3087
62 2200
62 1368
62 1795
62 409
62 2164
62 249
62 2952
62 1711
62 2608
63 1711
63 2675
63 860
63 2370
63 2589
63 2490
63 2968
63 409
63 1795
63 371
64 3069
64 1051
64 3202
64 1530
64 409
64 2723
64 2729
64 1390
64 3188
64 1878
