1 1341
1 2379
1 1571
1 1591
1 1572
1 1680
1 2319
1 2371
1 1938
1 1071
2 2434
2 2317
2 1397
2 1755
2 1183
2 597
2 1345
2 136
2 356
2 740
3 1988
3 2971
3 1459
3 1149
3 799
3 1134
3 1162
3 205
3 2652
3 1496
4 2342
4 438
4 1601
4 2377
4 1439
4 3043
4 2376
4 3128
4 2939
4 3101
5 2715
5 1409
5 2105
5 1742
5 2321
5 2626
5 2546
5 2035
5 2716
5 2003
6 1256
6 2804
6 1397
6 438
6 1755
6 2306
6 2826
6 136
6 356
6 740
7 2223
7 2510
7 3141
7 1863
7 2657
7 371
7 2509
7 2042
7 356
7 740
8 2197
8 2500
8 1611
8 1505
8 1695
8 2776
8 1685
8 2625
8 2951
8 2371
9 3087
9 2776
9 2379
9 1695
9 2951
9 1591
9 2319
9 1685
9 3068
9 2371
10 1454
10 2316
10 1471
10 3198
10 1366
10 1496
10 1162
10 1306
10 1262
10 2785
11 1923
11 3198
11 3080
11 2699
11 2316
11 1860
11 1162
11 2906
11 2717
11 2246
12 1236
12 1461
12 1462
12 3068
12 2740
12 3127
12 1680
12 2379
12 1591
12 2319
13 2834
13 1947
13 1901
13 1652
13 1362
13 48
13 1795
13 2491
13 2748
13 2897
14 307
14 2191
14 2950
14 1919
14 1980
14 2146
14 2272
14 2337
14 2348
14 3054
15 3085
15 1947
15 1566
15 1999
15 2835
15 2897
15 115
15 2351
15 2900
15 1231
16 1591
16 1680
16 2319
16 1226
16 1519
16 2376
16 2452
16 2378
16 2629
16 2740
17 1154
17 1652
17 1362
17 48
17 1795
17 2079
17 1757
17 2748
17 2491
17 2897
18 2652
18 1134
18 2897
18 1223
18 1852
18 1988
18 2246
18 1496
18 1162
18 1613
19 1842
19 1863
19 2146
19 2509
19 2042
19 2714
19 199
19 2348
19 2417
19 371
20 1481
20 2172
20 2461
20 2506
20 371
20 1504
20 2170
20 2630
20 2133
20 1961
21 371
21 2904
21 1525
21 2118
21 2004
21 1919
21 1967
21 1980
21 2120
21 3166
22 2924
22 1915
22 2004
22 2751
22 2473
22 2384
22 2441
22 2564
22 2637
22 2638
23 2954
23 371
23 2276
23 2454
23 2098
23 2914
23 1778
23 1941
23 3166
23 2004
24 141
24 1588
24 2307
24 2999
24 987
24 3120
24 2342
24 2912
24 3043
24 2727
25 2542
25 3070
25 1533
25 2859
25 3136
25 1518
25 1653
25 2535
25 3048
25 2318
26 2740
26 972
26 2632
26 617
26 2541
26 3128
26 2379
26 1680
26 2319
26 1591
27 1462
27 2859
27 3068
27 1680
27 2988
27 2379
27 1591
27 2740
27 2319
27 2798
28 1261
28 1611
28 2951
28 2197
28 1695
28 2890
28 2949
28 3032
28 1685
28 2776
29 1268
29 2770
29 1841
29 1840
29 2462
29 1933
29 1537
29 1538
29 2089
29 1539
30 1544
30 202
30 1033
30 2371
30 1519
30 2379
30 1484
30 2629
30 1591
30 3087
31 533
31 3043
31 198
31 1144
31 2829
31 1929
31 2370
31 2125
31 1686
31 3047
32 1145
32 1847
32 1481
32 2172
32 2461
32 1961
32 2630
32 1504
32 2177
32 3139
33 2778
33 1501
33 1809
33 1104
33 1782
33 1404
33 2325
33 2805
33 1954
33 2043
34 640
34 1763
34 2440
34 1567
34 2291
34 2458
34 1633
34 1524
34 1667
34 1893
35 2042
35 199
35 2090
35 2348
35 2417
35 2098
35 2415
35 371
35 3071
35 1386
36 371
36 2739
36 1768
36 1824
36 2084
36 2030
36 1265
36 1350
36 2061
36 2110
37 2912
37 2958
37 2941
37 3031
37 3103
37 618
37 2376
37 2956
37 2651
37 2265
38 2939
38 2470
38 3105
38 3031
38 2941
38 3103
38 2958
38 2956
38 2265
38 2651
39 2940
39 2958
39 2265
39 3105
39 1614
39 2406
39 2178
39 2956
39 1861
39 2651
40 2937
40 2603
40 1098
40 1485
40 3198
40 2651
40 1835
40 2406
40 2316
40 1162
41 1885
41 3072
41 3089
41 1484
41 2914
41 2435
41 3082
41 3137
41 1951
41 2371
42 2494
42 80
42 1030
42 192
42 436
42 3048
42 2402
42 1653
42 462
42 2318
43 93
43 824
43 2894
43 1525
43 2569
43 1260
43 2977
43 1659
43 2504
43 2310
44 1002
44 633
44 1809
44 525
44 2523
44 2325
44 1260
44 931
44 2829
44 1404
45 2344
45 2816
45 1951
45 1032
45 2629
45 2318
45 3089
45 3002
45 3137
45 2319
46 2519
46 1516
46 2631
46 1032
46 2990
46 329
46 1653
46 891
46 1699
46 1457
47 2070
47 2990
47 651
47 3134
47 891
47 1236
47 2288
47 2882
47 1699
47 1032
48 1842
48 1539
48 3166
48 1729
48 2223
48 2510
48 3069
48 371
48 1863
48 2509
49 1959
49 275
49 2070
49 2882
49 2319
49 1032
49 651
49 1699
49 3012
49 3134
50 1032
50 651
50 657
50 1699
50 1457
50 2288
50 634
50 3134
50 1811
50 891
51 2862
51 1613
51 3006
51 3156
51 1811
51 1924
51 371
51 2863
51 3075
51 2714
52 2862
52 1344
52 1533
52 1261
52 605
52 1541
52 3048
52 1928
52 2721
52 3070
53 2716
53 1948
53 2981
53 2986
53 2769
53 68
53 139
53 514
53 569
53 1887
54 3031
54 2939
54 3103
54 3133
54 2470
54 3104
54 2651
54 2958
54 2842
54 3170
55 2998
55 2921
55 1162
55 3064
55 2650
55 1993
55 1355
55 1896
55 1898
55 1739
56 2316
56 1
56 2705
56 3198
56 99
56 1703
56 1253
56 1162
56 2842
56 2327
57 2939
57 1
57 1248
57 223
57 1137
57 3155
57 3140
57 2802
57 1106
57 3077
58 1691
58 2592
58 1493
58 1864
58 1411
58 2634
58 2098
58 1474
58 1344
58 1631
59 1610
59 1441
59 3046
59 3134
59 2000
59 1806
59 2631
59 3098
59 1116
59 2905
60 1591
60 1083
60 2955
60 2319
60 2188
60 2379
60 3025
60 2371
60 1518
60 3087
61 3129
61 2307
61 911
61 2631
61 2114
61 1935
61 2711
61 1032
61 3134
61 634
62 1424
62 1262
62 2484
62 2664
62 1887
62 950
62 2214
62 2932
62 2327
62 1961
63 2004
63 2042
63 2973
63 2714
63 199
63 2348
63 2417
63 3166
63 950
63 371
64 527
64 1878
64 2998
64 2168
64 1972
64 1853
64 1549
64 2513
64 1588
64 2857
